1381
1625
1603
1320
1574
1613
1596
1638
1484
1422
1447
1441
1615
1624
1625
1606
1576
1626
1596
1623
1581
1617
1433
1639
1600
1662
1592
1617
1675
1596
1611
1572
1495
1293
1605
1587
1621
1586
1667
1588
1635
1257
1655
1624
1432
1648
1602
1299
1324
1572
1608
1610
1390
1662
1605
1639
1281
1323
1611
1357
1544
1581
1417
1558
1416
1539
1596
1590
1457
1599
1602
1617
1663
1605
1587
1650
1636
1554
1681
1587
1619
1588
1587
1466
1563
1513
1608
1633
1581
1554
1426
1558
1619
1579
1633
1594
1636
1412
1635
1586
1601
1611
1637
1591
1555
1619
1562
1620
1600
1573
1625
1652
1586
1689
1458
1548
1585
1651
1579
1572
1597
1597
1591
1655
1743
1624
1598
1629
1673
1595
1581
1586
1635
1561
1609
1580
1583
1614
1621
1587
1641
1584
1636
1682
1555
1581
1568
1627
1569
1584
1626
1587
1620
1591
1584
1639
1603
1614
1517
1648
1591
1596
1640
1604
1582
1586
1584
1620
1560
1586
1595
1469
1722
1651
1629
1602
1605
1682
1443
1598
1584
1582
1577
1590
1545
1608
1593
1622
1444
1631
1634
1562
1632
1566
1320
1660
1580
1624
1596
1617
