95546
102668
102317
102032
102228
102510
102506
101118
102401
103457
101159
102290
102263
102542
101156
102825
102532
101403
103464
101111
102312
102298
103412
101368
101265
102947
100962
102546
102154
102468
102075
102660
101795
101550
103142
102336
100961
102512
101743
102491
101298
102685
102099
103338
101759
101908
102517
101529
101890
102426
102299
101985
101350
103574
101652
102533
101308
102612
102494
82679
104638
104464
105414
104444
105008
106595
104895
102658
105019
104759
104770
104747
106063
104702
104666
105889
104867
104657
104790
105807
106847
104605
105758
105835
105823
105787
104704
106474
105562
105904
106909
104689
105824
106871
105671
105368
106745
105921
105880
106674
105751
106911
105656
105542
107044
106901
106145
105607
107027
105800
108071
105935
107005
105772
107074
107043
105834
108039
106618
106005
107997
107070
107096
106913
106891
107105
107194
107097
108019
107979
107911
106891
107057
107998
106888
106951
108157
108187
108157
107173
107129
108356
108238
106943
108132
106944
107922
108980
107950
108182
108180
108156
108150
108167
108265
104849
109440
109345
109321
107074
109319
108076
107925
110150
108071
108088
105962
111441
109964
108613
108040
110264
104634
113744
108128
109306
109469
109292
104799
112427
110331
108262
110113
109170
109206
109414
109055
109276
107056
113806
109198
109011
110574
109037
107054
112506
110307
109332
110553
109396
